h | derivada simétrica 3p | derivada pra trás 2p | derivada pra frente 2p | derivada simétrica 5p | derivada  segunda simétrica 5p | derivada terceira anti-simétrica 5p
  5.00000000000000000E-01  1.04719673257084676E+01 -8.19079332228914758E+00  2.91347279737060845E+01 -8.27297071367975789E+00 -8.65755600845539419E+00  2.36697264624585046E+02
  2.00000000000000011E-01  1.45959120504632089E+00 -4.44831395298536769E+00  7.36749636307800948E+00 -1.60483152299498499E-01 -1.83742077410833815E-01  2.98299052811408103E+01
  1.00000000000000006E-01  3.57681017676400259E-01 -2.49557232110924154E+00  3.21093435646204206E+00 -9.62237811357447015E-03 -1.11658576294146883E-02  7.20078915325200342E+00
  5.00000000000000028E-02  8.89738927671448465E-02 -1.32526173857585228E+00  1.50320952411014197E+00 -5.95148869273032233E-04 -6.92952085529441320E-04  1.78445160667189384E+00
  1.00000000000000002E-02  3.55325804257056177E-03 -2.78504134761275779E-01  2.85610650846418679E-01 -9.49054788534908766E-07 -1.10620855053866762E-06  7.11775212930092493E-02
  5.00000000000000010E-03  8.88270028370996556E-04 -1.40128099627206737E-01  1.41904639683948730E-01 -5.93096736167808558E-08 -6.90848267481669609E-08  1.77928153038635628E-02
  1.00000000000000002E-03  3.55302317291972258E-05 -2.81669548209126930E-02  2.82380152843710874E-02 -9.49889056300889933E-11  1.06202691085854894E-09  7.11986108399287332E-04
  5.00000000000000010E-04  8.88255344300148408E-06 -1.40923476469598796E-02  1.41101127538458826E-02 -5.83888493110862328E-12  1.02501473975280533E-09  1.77968833554587036E-04
  1.00000000000000005E-04  3.55299428989042099E-07 -2.81988995345905380E-03  2.82060055231703188E-03 -3.02691205433802679E-12  1.90846378700371133E-08  4.46198716304024856E-04
  5.00000000000000024E-05  8.88259190645612762E-08 -1.41003379719428779E-03  1.41021144903241691E-03 -6.57252030578092672E-14  6.03802099874428677E-07 -2.44038114772138215E-03
  1.00000000000000008E-05  3.53414364440141071E-09 -2.82021002913523944E-04  2.82028071200812747E-04 -3.33724159418125055E-11  3.04629275404977307E-06  4.25661617147682136E-01
  9.99999999999999955E-07 -3.73839625922300911E-10 -2.82029252449689238E-05  2.82021775657170792E-05 -5.95884230847332219E-10  4.94505018323820877E-04  8.97041776304424388E+02
  9.99999999999999955E-08  7.36383398702855629E-10 -2.82367099124769538E-06  2.82514375804510109E-06 -3.73839625922300911E-10  9.43453580333084574E-02 -2.13181248320732379E+02
  1.00000000000000002E-08 -1.70271849952996490E-08 -3.27889631890343480E-07  2.93835261899744182E-07 -2.44286741946098118E-08  6.50773369695128423E+00 -2.13181248320732379E+02
