N      h                  erro_trapezio      erro_simpson       erro_bode
   4 | 2.5000000000E-01 | 5.8124156357E-02 |-9.2056326294E-04 | 4.9684157944E-05
   8 | 1.2500000000E-01 | 1.4488410252E-02 |-5.6838449279E-05 | 7.4320496557E-07
  16 | 6.2500000000E-02 | 3.6194463384E-03 |-3.5416328539E-06 | 1.1488241025E-08
  32 | 3.1250000000E-02 | 9.0469569645E-04 |-2.2118421983E-07 | 1.7902257454E-10
  64 | 1.5625000000E-02 | 2.2616355807E-04 |-1.3821393141E-08 | 2.7953195314E-12
 128 | 7.8125000000E-03 | 5.6540241669E-05 |-8.6379636777E-10 | 4.3298697960E-14
 256 | 3.9062500000E-03 | 1.4135019927E-05 |-5.3986815018E-11 | 2.2204460493E-16
 512 | 1.9531250000E-03 | 3.5337524511E-06 |-3.3744118610E-12 |-2.2204460493E-16
1024 | 9.7656250000E-04 | 8.8343795412E-07 |-2.1205259770E-13 |-2.2204460493E-16
2048 | 4.8828125000E-04 | 2.2085948026E-07 |-1.4210854715E-14 |-8.8817841970E-16
4096 | 2.4414062500E-04 | 5.5214869343E-08 |-6.6613381478E-16 |-1.1102230246E-15
